200
169
952
30
617
188
9
859
57
307
855
473
154
400
309
184
203
688
774
249
900
761
750
225
136
881
433
327
573
160
375
979
578
693
173
882
428
899
37
437
625
916
224
292
73
601
453
978
849
792
180
42
969
101
980
941
849
682
542
695
472
932
505
357
501
826
233
814
632
960
665
239
483
995
19
397
562
346
743
488
850
635
263
861
107
763
968
791
377
64
565
997
729
178
983
328
929
942
504
386
739
704
846
82
763
330
660
877
852
288
173
892
399
134
532
149
373
503
598
217
915
519
335
884
98
152
642
946
686
520
595
557
486
528
633
173
359
90
648
844
292
626
62
284
329
771
181
242
777
782
831
147
848
130
651
870
684
551
587
739
402
113
244
925
90
101
325
333
130
859
773
28
855
476
40
400
448
478
427
609
373
818
975
708
163
993
939
851
863
472
852
384
53
295
716
499
403
918
321
367
733
