13 13
2 2 2
7
17
2
3
5
617
2 2
47
3 3
859
3
19
307
3 3
5
19
11
43
2
7
11
2 2 2 2
5 5
3
103
2 2 2
23
7
29
2 2 2 2
43
2
3 3
43
3
83
2 2
3 3
5 5
761
2
3
5 5 5
3 3
5 5
2 2 2
17
881
433
3
109
3
191
2 2 2 2 2
5
3
5 5 5
11
89
2
17 17
3 3
7
11
173
2
3 3
7 7
2 2
107
29
31
37
19
23
5 5 5 5
2 2
229
2 2 2 2 2
7
2 2
73
73
601
3
151
2
3
163
3
283
2 2 2
3 3
11
2 2
3 3
5
2
3
7
3
17
19
101
2 2
5
7 7
941
3
283
2
11
31
2
271
5
139
2 2 2
59
2 2
233
5
101
3
7
17
3
167
2
7
59
233
2
11
37
2 2 2
79
2 2 2 2 2 2
3
5
5
7
19
239
3
7
23
5
199
19
397
2
281
2
173
743
2 2 2
61
2
5 5
17
5
127
263
3
7
41
107
7
109
2 2 2
11 11
7
113
13
29
2 2 2 2 2 2
5
113
997
3 3 3 3 3 3
2
89
983
2 2 2
41
929
2
3
157
2 2 2
3 3
7
2
193
739
2 2 2 2 2 2
11
2
3 3
47
2
41
7
109
2
3
5
11
2 2
3
5
11
877
2 2
3
71
2 2 2 2 2
3 3
173
2 2
223
3
7
19
2
67
2 2
7
19
149
373
503
2
13
23
7
31
3
5
61
3
173
5
67
2 2
13
17
2
7 7
2 2 2
19
2
3
107
2
11
43
2
7 7 7
2 2 2
5
13
5
7
17
557
2
3 3 3 3 3
2 2 2 2
3
11
3
211
173
359
2
3 3
5
2 2 2
3 3 3 3
2 2
211
2 2
73
2
313
2
31
2 2
71
7
47
3
257
181
2
11 11
3
7
37
2
17
23
3
277
3
7 7
2 2 2 2
53
2
5
13
3
7
31
2
3
5
29
2 2
3 3
19
19
29
587
739
2
3
67
113
2 2
61
5 5
37
2
3 3
5
101
5 5
13
3 3
37
2
5
13
859
773
2 2
7
3 3
5
19
2 2
7
17
2 2 2
5
2 2 2 2
5 5
2 2 2 2 2 2
7
2
239
7
61
3
7
29
373
2
409
3
5 5
13
2 2
3
59
163
3
331
3
313
23
37
863
2 2 2
59
2 2
3
71
2 2 2 2 2 2 2
3
53
5
59
2 2
179
499
13
31
2
3 3 3
17
3
107
367
733
